0
1
2
9
4
5
36
7
8
81
10
11
144
13
14
225
16
17
324
19
20
441
22
23
576
25
26
729
28
29
900
31
32
1089
34
35
1296
37
38
1521
40
41
1764
43
44
2025
46
47
2304
49
50
2601
52
53
2916
55
56
3249
58
59
3600
61
62
3969
64
65
4356
67
68
4761
70
71
5184
73
74
5625
76
77
6084
79
80
6561
82
83
7056
85
86
7569
88
89
8100
91
92
8649
94
95
9216
97
98
9801
100
101
10404
103
104
11025
106
107
11664
109
110
12321
112
113
12996
115
116
13689
118
119
14400
121
122
15129
124
125
15876
127
128
16641
130
131
17424
133
134
18225
136
137
19044
139
140
19881
142
143
20736
145
146
21609
148
149
22500
151
152
23409
154
155
24336
157
158
25281
160
161
26244
163
164
27225
166
167
28224
169
170
29241
172
173
30276
175
176
31329
178
179
32400
181
182
33489
184
185
34596
187
188
35721
190
191
36864
193
194
38025
196
197
39204
199
200
40401
202
203
41616
205
206
42849
208
209
44100
211
212
45369
214
215
46656
217
218
47961
220
221
49284
223
224
50625
226
227
51984
229
230
53361
232
233
54756
235
236
56169
238
239
57600
241
242
59049
244
245
60516
247
248
62001
250
251
63504
253
254
65025
256
257
66564
259
260
68121
262
263
69696
265
266
71289
268
269
72900
271
272
74529
274
275
76176
277
278
77841
280
281
79524
283
284
81225
286
287
82944
289
290
84681
292
293
86436
295
296
88209
298
299
90000
301
302
91809
304
305
93636
307
308
95481
310
311
97344
313
314
99225
316
317
101124
319
320
103041
322
323
104976
325
326
106929
328
329
108900
331
332
110889
334
335
112896
337
338
114921
340
341
116964
343
344
119025
346
347
121104
349
350
123201
352
353
125316
355
356
127449
358
359
129600
361
362
131769
364
365
133956
367
368
136161
370
371
138384
373
374
140625
376
377
142884
379
380
145161
382
383
147456
385
386
149769
388
389
152100
391
392
154449
394
395
156816
397
398
159201
400
401
161604
403
404
164025
406
407
166464
409
410
168921
412
413
171396
415
416
173889
418
419
176400
421
422
178929
424
425
181476
427
428
184041
430
431
186624
433
434
189225
436
437
191844
439
440
194481
442
443
197136
445
446
199809
448
449
202500
451
452
205209
454
455
207936
457
458
210681
460
461
213444
463
464
216225
466
467
219024
469
470
221841
472
473
224676
475
476
227529
478
479
230400
481
482
233289
484
485
236196
487
488
239121
490
491
242064
493
494
245025
496
497
248004
499
500
251001
502
503
254016
505
506
257049
508
509
260100
511
512
263169
514
515
266256
517
518
269361
520
521
272484
523
524
275625
526
527
278784
529
530
281961
532
533
285156
535
536
288369
538
539
291600
541
542
294849
544
545
298116
547
548
301401
550
551
304704
553
554
308025
556
557
311364
559
560
314721
562
563
318096
565
566
321489
568
569
324900
571
572
328329
574
575
331776
577
578
335241
580
581
338724
583
584
342225
586
587
345744
589
590
349281
592
593
352836
595
596
356409
598
599
360000
601
602
363609
604
605
367236
607
608
370881
610
611
374544
613
614
378225
616
617
381924
619
620
385641
622
623
389376
625
626
393129
628
629
396900
631
632
400689
634
635
404496
637
638
408321
640
641
412164
643
644
416025
646
647
419904
649
650
423801
652
653
427716
655
656
431649
658
659
435600
661
662
439569
664
665
443556
667
668
447561
670
671
451584
673
674
455625
676
677
459684
679
680
463761
682
683
467856
685
686
471969
688
689
476100
691
692
480249
694
695
484416
697
698
488601
700
701
492804
703
704
497025
706
707
501264
709
710
505521
712
713
509796
715
716
514089
718
719
518400
721
722
522729
724
725
527076
727
728
531441
730
731
535824
733
734
540225
736
737
544644
739
740
549081
742
743
553536
745
746
558009
748
749
562500
751
752
567009
754
755
571536
757
758
576081
760
761
580644
763
764
585225
766
767
589824
769
770
594441
772
773
599076
775
776
603729
778
779
608400
781
782
613089
784
785
617796
787
788
622521
790
791
627264
793
794
632025
796
797
636804
799
800
641601
802
803
646416
805
806
651249
808
809
656100
811
812
660969
814
815
665856
817
818
670761
820
821
675684
823
824
680625
826
827
685584
829
830
690561
832
833
695556
835
836
700569
838
839
705600
841
842
710649
844
845
715716
847
848
720801
850
851
725904
853
854
731025
856
857
736164
859
860
741321
862
863
746496
865
866
751689
868
869
756900
871
872
762129
874
875
767376
877
878
772641
880
881
777924
883
884
783225
886
887
788544
889
890
793881
892
893
799236
895
896
804609
898
899
810000
901
902
815409
904
905
820836
907
908
826281
910
911
831744
913
914
837225
916
917
842724
919
920
848241
922
923
853776
925
926
859329
928
929
864900
931
932
870489
934
935
876096
937
938
881721
940
941
887364
943
944
893025
946
947
898704
949
950
904401
952
953
910116
955
956
915849
958
959
921600
961
962
927369
964
965
933156
967
968
938961
970
971
944784
973
974
950625
976
977
956484
979
980
962361
982
983
968256
985
986
974169
988
989
980100
991
992
986049
994
995
992016
997
998
998001
1000
1001
1004004
1003
1004
1010025
1006
1007
1016064
1009
1010
1022121
1012
1013
1028196
1015
1016
1034289
1018
1019
1040400
1021
1022
1046529
1024
1025
1052676
1027
1028
1058841
1030
1031
1065024
1033
1034
1071225
1036
1037
1077444
1039
1040
1083681
1042
1043
1089936
1045
1046
1096209
1048
1049
1102500
1051
1052
1108809
1054
1055
1115136
1057
1058
1121481
1060
1061
1127844
1063
1064
1134225
1066
1067
1140624
1069
1070
1147041
1072
1073
1153476
1075
1076
1159929
1078
1079
1166400
1081
1082
1172889
1084
1085
1179396
1087
1088
1185921
1090
1091
1192464
1093
1094
1199025
1096
1097
1205604
1099
1100
1212201
1102
1103
1218816
1105
1106
1225449
1108
1109
1232100
1111
1112
1238769
1114
1115
1245456
1117
1118
1252161
1120
1121
1258884
1123
1124
1265625
1126
1127
1272384
1129
1130
1279161
1132
1133
1285956
1135
1136
1292769
1138
1139
1299600
1141
1142
1306449
1144
1145
1313316
1147
1148
1320201
1150
1151
1327104
1153
1154
1334025
1156
1157
1340964
1159
1160
1347921
1162
1163
1354896
1165
1166
1361889
1168
1169
1368900
1171
1172
1375929
1174
1175
1382976
1177
1178
1390041
1180
1181
1397124
1183
1184
1404225
1186
1187
1411344
1189
1190
1418481
1192
1193
1425636
1195
1196
1432809
1198
1199
1440000
1201
1202
1447209
1204
1205
1454436
1207
1208
1461681
1210
1211
1468944
1213
1214
1476225
1216
1217
1483524
1219
1220
1490841
1222
1223
1498176
1225
1226
1505529
1228
1229
1512900
1231
1232
1520289
1234
1235
1527696
1237
1238
1535121
1240
1241
1542564
1243
1244
1550025
1246
1247
1557504
1249
1250
1565001
1252
1253
1572516
1255
1256
1580049
1258
1259
1587600
1261
1262
1595169
1264
1265
1602756
1267
1268
1610361
1270
1271
1617984
1273
1274
1625625
1276
1277
1633284
1279
1280
1640961
1282
1283
1648656
1285
1286
1656369
1288
1289
1664100
1291
1292
1671849
1294
1295
1679616
1297
1298
1687401
1300
1301
1695204
1303
1304
1703025
1306
1307
1710864
1309
1310
1718721
1312
1313
1726596
1315
1316
1734489
1318
1319
1742400
1321
1322
1750329
1324
1325
1758276
1327
1328
1766241
1330
1331
1774224
1333
1334
1782225
1336
1337
1790244
1339
1340
1798281
1342
1343
1806336
1345
1346
1814409
1348
1349
1822500
1351
1352
1830609
1354
1355
1838736
1357
1358
1846881
1360
1361
1855044
1363
1364
1863225
1366
1367
1871424
1369
1370
1879641
1372
1373
1887876
1375
1376
1896129
1378
1379
1904400
1381
1382
1912689
1384
1385
1920996
1387
1388
1929321
1390
1391
1937664
1393
1394
1946025
1396
1397
1954404
1399
1400
1962801
1402
1403
1971216
1405
1406
1979649
1408
1409
1988100
1411
1412
1996569
1414
1415
2005056
1417
1418
2013561
1420
1421
2022084
1423
1424
2030625
1426
1427
2039184
1429
1430
2047761
1432
1433
2056356
1435
1436
2064969
1438
1439
2073600
1441
1442
2082249
1444
1445
2090916
1447
1448
2099601
1450
1451
2108304
1453
1454
2117025
1456
1457
2125764
1459
1460
2134521
1462
1463
2143296
1465
1466
2152089
1468
1469
2160900
1471
1472
2169729
1474
1475
2178576
1477
1478
2187441
1480
1481
2196324
1483
1484
2205225
1486
1487
2214144
1489
1490
2223081
1492
1493
2232036
1495
1496
2241009
1498
1499
2250000
1501
1502
2259009
1504
1505
2268036
1507
1508
2277081
1510
1511
2286144
1513
1514
2295225
1516
1517
2304324
1519
1520
2313441
1522
1523
2322576
1525
1526
2331729
1528
1529
2340900
1531
1532
2350089
1534
1535
2359296
1537
1538
2368521
1540
1541
2377764
1543
1544
2387025
1546
1547
2396304
1549
1550
2405601
1552
1553
2414916
1555
1556
2424249
1558
1559
2433600
1561
1562
2442969
1564
1565
2452356
1567
1568
2461761
1570
1571
2471184
1573
1574
2480625
1576
1577
2490084
1579
1580
2499561
1582
1583
2509056
1585
1586
2518569
1588
1589
2528100
1591
1592
2537649
1594
1595
2547216
1597
1598
2556801
1600
1601
2566404
1603
1604
2576025
1606
1607
2585664
1609
1610
2595321
1612
1613
2604996
1615
1616
2614689
1618
1619
2624400
1621
1622
2634129
1624
1625
2643876
1627
1628
2653641
1630
1631
2663424
1633
1634
2673225
1636
1637
2683044
1639
1640
2692881
1642
1643
2702736
1645
1646
2712609
1648
1649
2722500
1651
1652
2732409
1654
1655
2742336
1657
1658
2752281
1660
1661
2762244
1663
1664
2772225
1666
1667
2782224
1669
1670
2792241
1672
1673
2802276
1675
1676
2812329
1678
1679
2822400
1681
1682
2832489
1684
1685
2842596
1687
1688
2852721
1690
1691
2862864
1693
1694
2873025
1696
1697
2883204
1699
1700
2893401
1702
1703
2903616
1705
1706
2913849
1708
1709
2924100
1711
1712
2934369
1714
1715
2944656
1717
1718
2954961
1720
1721
2965284
1723
1724
2975625
1726
1727
2985984
1729
1730
2996361
1732
1733
3006756
1735
1736
3017169
1738
1739
3027600
1741
1742
3038049
1744
1745
3048516
1747
1748
3059001
1750
1751
3069504
1753
1754
3080025
1756
1757
3090564
1759
1760
3101121
1762
1763
3111696
1765
1766
3122289
1768
1769
3132900
1771
1772
3143529
1774
1775
3154176
1777
1778
3164841
1780
1781
3175524
1783
1784
3186225
1786
1787
3196944
1789
1790
3207681
1792
1793
3218436
1795
1796
3229209
1798
1799
3240000
1801
1802
3250809
1804
1805
3261636
1807
1808
3272481
1810
1811
3283344
1813
1814
3294225
1816
1817
3305124
1819
1820
3316041
1822
1823
3326976
1825
1826
3337929
1828
1829
3348900
1831
1832
3359889
1834
1835
3370896
1837
1838
3381921
1840
1841
3392964
1843
1844
3404025
1846
1847
3415104
1849
1850
3426201
1852
1853
3437316
1855
1856
3448449
1858
1859
3459600
1861
1862
3470769
1864
1865
3481956
1867
1868
3493161
1870
1871
3504384
1873
1874
3515625
1876
1877
3526884
1879
1880
3538161
1882
1883
3549456
1885
1886
3560769
1888
1889
3572100
1891
1892
3583449
1894
1895
3594816
1897
1898
3606201
1900
1901
3617604
1903
1904
3629025
1906
1907
3640464
1909
1910
3651921
1912
1913
3663396
1915
1916
3674889
1918
1919
3686400
1921
1922
3697929
1924
1925
3709476
1927
1928
3721041
1930
1931
3732624
1933
1934
3744225
1936
1937
3755844
1939
1940
3767481
1942
1943
3779136
1945
1946
3790809
1948
1949
3802500
1951
1952
3814209
1954
1955
3825936
1957
1958
3837681
1960
1961
3849444
1963
1964
3861225
1966
1967
3873024
1969
1970
3884841
1972
1973
3896676
1975
1976
3908529
1978
1979
3920400
1981
1982
3932289
1984
1985
3944196
1987
1988
3956121
1990
1991
3968064
1993
1994
3980025
1996
1997
3992004
1999
2000
4004001
2002
2003
4016016
2005
2006
4028049
2008
2009
4040100
2011
2012
4052169
2014
2015
4064256
2017
2018
4076361
2020
2021
4088484
2023
2024
4100625
2026
2027
4112784
2029
2030
4124961
2032
2033
4137156
2035
2036
4149369
2038
2039
4161600
2041
2042
4173849
2044
2045
4186116
2047
2048
4198401
2050
2051
4210704
2053
2054
4223025
2056
2057
4235364
2059
2060
4247721
2062
2063
4260096
2065
2066
4272489
2068
2069
4284900
2071
2072
4297329
2074
2075
4309776
2077
2078
4322241
2080
2081
4334724
2083
2084
4347225
2086
2087
4359744
2089
2090
4372281
2092
2093
4384836
2095
2096
4397409
2098
2099
4410000
2101
2102
4422609
2104
2105
4435236
2107
2108
4447881
2110
2111
4460544
2113
2114
4473225
2116
2117
4485924
2119
2120
4498641
2122
2123
4511376
2125
2126
4524129
2128
2129
4536900
2131
2132
4549689
2134
2135
4562496
2137
2138
4575321
2140
2141
4588164
2143
2144
4601025
2146
2147
4613904
2149
2150
4626801
2152
2153
4639716
2155
2156
4652649
2158
2159
4665600
2161
2162
4678569
2164
2165
4691556
2167
2168
4704561
2170
2171
4717584
2173
2174
4730625
2176
2177
4743684
2179
2180
4756761
2182
2183
4769856
2185
2186
4782969
2188
2189
4796100
2191
2192
4809249
2194
2195
4822416
2197
2198
4835601
2200
2201
4848804
2203
2204
4862025
2206
2207
4875264
2209
2210
4888521
2212
2213
4901796
2215
2216
4915089
2218
2219
4928400
2221
2222
4941729
2224
2225
4955076
2227
2228
4968441
2230
2231
4981824
2233
2234
4995225
2236
2237
5008644
2239
2240
5022081
2242
2243
5035536
2245
2246
5049009
2248
2249
5062500
2251
2252
5076009
2254
2255
5089536
2257
2258
5103081
2260
2261
5116644
2263
2264
5130225
2266
2267
5143824
2269
2270
5157441
2272
2273
5171076
2275
2276
5184729
2278
2279
5198400
2281
2282
5212089
2284
2285
5225796
2287
2288
5239521
2290
2291
5253264
2293
2294
5267025
2296
2297
5280804
2299
2300
5294601
2302
2303
5308416
2305
2306
5322249
2308
2309
5336100
2311
2312
5349969
2314
2315
5363856
2317
2318
5377761
2320
2321
5391684
2323
2324
5405625
2326
2327
5419584
2329
2330
5433561
2332
2333
5447556
2335
2336
5461569
2338
2339
5475600
2341
2342
5489649
2344
2345
5503716
2347
2348
5517801
2350
2351
5531904
2353
2354
5546025
2356
2357
5560164
2359
2360
5574321
2362
2363
5588496
2365
2366
5602689
2368
2369
5616900
2371
2372
5631129
2374
2375
5645376
2377
2378
5659641
2380
2381
5673924
2383
2384
5688225
2386
2387
5702544
2389
2390
5716881
2392
2393
5731236
2395
2396
5745609
2398
2399
5760000
2401
2402
5774409
2404
2405
5788836
2407
2408
5803281
2410
2411
5817744
2413
2414
5832225
2416
2417
5846724
2419
2420
5861241
2422
2423
5875776
2425
2426
5890329
2428
2429
5904900
2431
2432
5919489
2434
2435
5934096
2437
2438
5948721
2440
2441
5963364
2443
2444
5978025
2446
2447
5992704
2449
2450
6007401
2452
2453
6022116
2455
2456
6036849
2458
2459
6051600
2461
2462
6066369
2464
2465
6081156
2467
2468
6095961
2470
2471
6110784
2473
2474
6125625
2476
2477
6140484
2479
2480
6155361
2482
2483
6170256
2485
2486
6185169
2488
2489
6200100
2491
2492
6215049
2494
2495
6230016
2497
2498
6245001
2500
2501
6260004
2503
2504
6275025
2506
2507
6290064
2509
2510
6305121
2512
2513
6320196
2515
2516
6335289
2518
2519
6350400
2521
2522
6365529
2524
2525
6380676
2527
2528
6395841
2530
2531
6411024
2533
2534
6426225
2536
2537
6441444
2539
2540
6456681
2542
2543
6471936
2545
2546
6487209
2548
2549
6502500
2551
2552
6517809
2554
2555
6533136
2557
2558
6548481
2560
2561
6563844
2563
2564
6579225
2566
2567
6594624
2569
2570
6610041
2572
2573
6625476
2575
2576
6640929
2578
2579
6656400
2581
2582
6671889
2584
2585
6687396
2587
2588
6702921
2590
2591
6718464
2593
2594
6734025
2596
2597
6749604
2599
2600
6765201
2602
2603
6780816
2605
2606
6796449
2608
2609
6812100
2611
2612
6827769
2614
2615
6843456
2617
2618
6859161
2620
2621
6874884
2623
2624
6890625
2626
2627
6906384
2629
2630
6922161
2632
2633
6937956
2635
2636
6953769
2638
2639
6969600
2641
2642
6985449
2644
2645
7001316
2647
2648
7017201
2650
2651
7033104
2653
2654
7049025
2656
2657
7064964
2659
2660
7080921
2662
2663
7096896
2665
2666
7112889
2668
2669
7128900
2671
2672
7144929
2674
2675
7160976
2677
2678
7177041
2680
2681
7193124
2683
2684
7209225
2686
2687
7225344
2689
2690
7241481
2692
2693
7257636
2695
2696
7273809
2698
2699
7290000
2701
2702
7306209
2704
2705
7322436
2707
2708
7338681
2710
2711
7354944
2713
2714
7371225
2716
2717
7387524
2719
2720
7403841
2722
2723
7420176
2725
2726
7436529
2728
2729
7452900
2731
2732
7469289
2734
2735
7485696
2737
2738
7502121
2740
2741
7518564
2743
2744
7535025
2746
2747
7551504
2749
2750
7568001
2752
2753
7584516
2755
2756
7601049
2758
2759
7617600
2761
2762
7634169
2764
2765
7650756
2767
2768
7667361
2770
2771
7683984
2773
2774
7700625
2776
2777
7717284
2779
2780
7733961
2782
2783
7750656
2785
2786
7767369
2788
2789
7784100
2791
2792
7800849
2794
2795
7817616
2797
2798
7834401
2800
2801
7851204
2803
2804
7868025
2806
2807
7884864
2809
2810
7901721
2812
2813
7918596
2815
2816
7935489
2818
2819
7952400
2821
2822
7969329
2824
2825
7986276
2827
2828
8003241
2830
2831
8020224
2833
2834
8037225
2836
2837
8054244
2839
2840
8071281
2842
2843
8088336
2845
2846
8105409
2848
2849
8122500
2851
2852
8139609
2854
2855
8156736
2857
2858
8173881
2860
2861
8191044
2863
2864
8208225
2866
2867
8225424
2869
2870
8242641
2872
2873
8259876
2875
2876
8277129
2878
2879
8294400
2881
2882
8311689
2884
2885
8328996
2887
2888
8346321
2890
2891
8363664
2893
2894
8381025
2896
2897
8398404
2899
2900
8415801
2902
2903
8433216
2905
2906
8450649
2908
2909
8468100
2911
2912
8485569
2914
2915
8503056
2917
2918
8520561
2920
2921
8538084
2923
2924
8555625
2926
2927
8573184
2929
2930
8590761
2932
2933
8608356
2935
2936
8625969
2938
2939
8643600
2941
2942
8661249
2944
2945
8678916
2947
2948
8696601
2950
2951
8714304
2953
2954
8732025
2956
2957
8749764
2959
2960
8767521
2962
2963
8785296
2965
2966
8803089
2968
2969
8820900
2971
2972
8838729
2974
2975
8856576
2977
2978
8874441
2980
2981
8892324
2983
2984
8910225
2986
2987
8928144
2989
2990
8946081
2992
2993
8964036
2995
2996
8982009
2998
2999
9000000
3001
3002
9018009
3004
3005
9036036
3007
3008
9054081
3010
3011
9072144
3013
3014
9090225
3016
3017
9108324
3019
3020
9126441
3022
3023
9144576
3025
3026
9162729
3028
3029
9180900
3031
3032
9199089
3034
3035
9217296
3037
3038
9235521
3040
3041
9253764
3043
3044
9272025
3046
3047
9290304
3049
3050
9308601
3052
3053
9326916
3055
3056
9345249
3058
3059
9363600
3061
3062
9381969
3064
3065
9400356
3067
3068
9418761
3070
3071
9437184
3073
3074
9455625
3076
3077
9474084
3079
3080
9492561
3082
3083
9511056
3085
3086
9529569
3088
3089
9548100
3091
3092
9566649
3094
3095
9585216
3097
3098
9603801
3100
3101
9622404
3103
3104
9641025
3106
3107
9659664
3109
3110
9678321
3112
3113
9696996
3115
3116
9715689
3118
3119
9734400
3121
3122
9753129
3124
3125
9771876
3127
3128
9790641
3130
3131
9809424
3133
3134
9828225
3136
3137
9847044
3139
3140
9865881
3142
3143
9884736
3145
3146
9903609
3148
3149
9922500
3151
3152
9941409
3154
3155
9960336
3157
3158
9979281
3160
3161
9998244
3163
3164
10017225
3166
3167
10036224
3169
3170
10055241
3172
3173
10074276
3175
3176
10093329
3178
3179
10112400
3181
3182
10131489
3184
3185
10150596
3187
3188
10169721
3190
3191
10188864
3193
3194
10208025
3196
3197
10227204
3199
3200
10246401
3202
3203
10265616
3205
3206
10284849
3208
3209
10304100
3211
3212
10323369
3214
3215
10342656
3217
3218
10361961
3220
3221
10381284
3223
3224
10400625
3226
3227
10419984
3229
3230
10439361
3232
3233
10458756
3235
3236
10478169
3238
3239
10497600
3241
3242
10517049
3244
3245
10536516
3247
3248
10556001
3250
3251
10575504
3253
3254
10595025
3256
3257
10614564
3259
3260
10634121
3262
3263
10653696
3265
3266
10673289
3268
3269
10692900
3271
3272
10712529
3274
3275
10732176
3277
3278
10751841
3280
3281
10771524
3283
3284
10791225
3286
3287
10810944
3289
3290
10830681
3292
3293
10850436
3295
3296
10870209
3298
3299
10890000
3301
3302
10909809
3304
3305
10929636
3307
3308
10949481
3310
3311
10969344
3313
3314
10989225
3316
3317
11009124
3319
3320
11029041
3322
3323
11048976
3325
3326
11068929
3328
3329
11088900
3331
3332
11108889
3334
3335
11128896
3337
3338
11148921
3340
3341
11168964
3343
3344
11189025
3346
3347
11209104
3349
3350
11229201
3352
3353
11249316
3355
3356
11269449
3358
3359
11289600
3361
3362
11309769
3364
3365
11329956
3367
3368
11350161
3370
3371
11370384
3373
3374
11390625
3376
3377
11410884
3379
3380
11431161
3382
3383
11451456
3385
3386
11471769
3388
3389
11492100
3391
3392
11512449
3394
3395
11532816
3397
3398
11553201
3400
3401
11573604
3403
3404
11594025
3406
3407
11614464
3409
3410
11634921
3412
3413
11655396
3415
3416
11675889
3418
3419
11696400
3421
3422
11716929
3424
3425
11737476
3427
3428
11758041
3430
3431
11778624
3433
3434
11799225
3436
3437
11819844
3439
3440
11840481
3442
3443
11861136
3445
3446
11881809
3448
3449
11902500
3451
3452
11923209
3454
3455
11943936
3457
3458
11964681
3460
3461
11985444
3463
3464
12006225
3466
3467
12027024
3469
3470
12047841
3472
3473
12068676
3475
3476
12089529
3478
3479
12110400
3481
3482
12131289
3484
3485
12152196
3487
3488
12173121
3490
3491
12194064
3493
3494
12215025
3496
3497
12236004
3499
3500
12257001
3502
3503
12278016
3505
3506
12299049
3508
3509
12320100
3511
3512
12341169
3514
3515
12362256
3517
3518
12383361
3520
3521
12404484
3523
3524
12425625
3526
3527
12446784
3529
3530
12467961
3532
3533
12489156
3535
3536
12510369
3538
3539
12531600
3541
3542
12552849
3544
3545
12574116
3547
3548
12595401
3550
3551
12616704
3553
3554
12638025
3556
3557
12659364
3559
3560
12680721
3562
3563
12702096
3565
3566
12723489
3568
3569
12744900
3571
3572
12766329
3574
3575
12787776
3577
3578
12809241
3580
3581
12830724
3583
3584
12852225
3586
3587
12873744
3589
3590
12895281
3592
3593
12916836
3595
3596
12938409
3598
3599
12960000
3601
3602
12981609
3604
3605
13003236
3607
3608
13024881
3610
3611
13046544
3613
3614
13068225
3616
3617
13089924
3619
3620
13111641
3622
3623
13133376
3625
3626
13155129
3628
3629
13176900
3631
3632
13198689
3634
3635
13220496
3637
3638
13242321
3640
3641
13264164
3643
3644
13286025
3646
3647
13307904
3649
3650
13329801
3652
3653
13351716
3655
3656
13373649
3658
3659
13395600
3661
3662
13417569
3664
3665
13439556
3667
3668
13461561
3670
3671
13483584
3673
3674
13505625
3676
3677
13527684
3679
3680
13549761
3682
3683
13571856
3685
3686
13593969
3688
3689
13616100
3691
3692
13638249
3694
3695
13660416
3697
3698
13682601
3700
3701
13704804
3703
3704
13727025
3706
3707
13749264
3709
3710
13771521
3712
3713
13793796
3715
3716
13816089
3718
3719
13838400
3721
3722
13860729
3724
3725
13883076
3727
3728
13905441
3730
3731
13927824
3733
3734
13950225
3736
3737
13972644
3739
3740
13995081
3742
3743
14017536
3745
3746
14040009
3748
3749
14062500
3751
3752
14085009
3754
3755
14107536
3757
3758
14130081
3760
3761
14152644
3763
3764
14175225
3766
3767
14197824
3769
3770
14220441
3772
3773
14243076
3775
3776
14265729
3778
3779
14288400
3781
3782
14311089
3784
3785
14333796
3787
3788
14356521
3790
3791
14379264
3793
3794
14402025
3796
3797
14424804
3799
3800
14447601
3802
3803
14470416
3805
3806
14493249
3808
3809
14516100
3811
3812
14538969
3814
3815
14561856
3817
3818
14584761
3820
3821
14607684
3823
3824
14630625
3826
3827
14653584
3829
3830
14676561
3832
3833
14699556
3835
3836
14722569
3838
3839
14745600
3841
3842
14768649
3844
3845
14791716
3847
3848
14814801
3850
3851
14837904
3853
3854
14861025
3856
3857
14884164
3859
3860
14907321
3862
3863
14930496
3865
3866
14953689
3868
3869
14976900
3871
3872
15000129
3874
3875
15023376
3877
3878
15046641
3880
3881
15069924
3883
3884
15093225
3886
3887
15116544
3889
3890
15139881
3892
3893
15163236
3895
3896
15186609
3898
3899
15210000
3901
3902
15233409
3904
3905
15256836
3907
3908
15280281
3910
3911
15303744
3913
3914
15327225
3916
3917
15350724
3919
3920
15374241
3922
3923
15397776
3925
3926
15421329
3928
3929
15444900
3931
3932
15468489
3934
3935
15492096
3937
3938
15515721
3940
3941
15539364
3943
3944
15563025
3946
3947
15586704
3949
3950
15610401
3952
3953
15634116
3955
3956
15657849
3958
3959
15681600
3961
3962
15705369
3964
3965
15729156
3967
3968
15752961
3970
3971
15776784
3973
3974
15800625
3976
3977
15824484
3979
3980
15848361
3982
3983
15872256
3985
3986
15896169
3988
3989
15920100
3991
3992
15944049
3994
3995
15968016
3997
3998
15992001
4000
4001
16016004
4003
4004
16040025
4006
4007
16064064
4009
4010
16088121
4012
4013
16112196
4015
4016
16136289
4018
4019
16160400
4021
4022
16184529
4024
4025
16208676
4027
4028
16232841
4030
4031
16257024
4033
4034
16281225
4036
4037
16305444
4039
4040
16329681
4042
4043
16353936
4045
4046
16378209
4048
4049
16402500
4051
4052
16426809
4054
4055
16451136
4057
4058
16475481
4060
4061
16499844
4063
4064
16524225
4066
4067
16548624
4069
4070
16573041
4072
4073
16597476
4075
4076
16621929
4078
4079
16646400
4081
4082
16670889
4084
4085
16695396
4087
4088
16719921
4090
4091
16744464
4093
4094
16769025
4096
4097
16793604
4099
4100
16818201
4102
4103
16842816
4105
4106
16867449
4108
4109
16892100
4111
4112
16916769
4114
4115
16941456
4117
4118
16966161
4120
4121
16990884
4123
4124
17015625
4126
4127
17040384
4129
4130
17065161
4132
4133
17089956
4135
4136
17114769
4138
4139
17139600
4141
4142
17164449
4144
4145
17189316
4147
4148
17214201
4150
4151
17239104
4153
4154
17264025
4156
4157
17288964
4159
4160
17313921
4162
4163
17338896
4165
4166
17363889
4168
4169
17388900
4171
4172
17413929
4174
4175
17438976
4177
4178
17464041
4180
4181
17489124
4183
4184
17514225
4186
4187
17539344
4189
4190
17564481
4192
4193
17589636
4195
4196
17614809
4198
4199
17640000
4201
4202
17665209
4204
4205
17690436
4207
4208
17715681
4210
4211
17740944
4213
4214
17766225
4216
4217
17791524
4219
4220
17816841
4222
4223
17842176
4225
4226
17867529
4228
4229
17892900
4231
4232
17918289
4234
4235
17943696
4237
4238
17969121
4240
4241
17994564
4243
4244
18020025
4246
4247
18045504
4249
4250
18071001
4252
4253
18096516
4255
4256
18122049
4258
4259
18147600
4261
4262
18173169
4264
4265
18198756
4267
4268
18224361
4270
4271
18249984
4273
4274
18275625
4276
4277
18301284
4279
4280
18326961
4282
4283
18352656
4285
4286
18378369
4288
4289
18404100
4291
4292
18429849
4294
4295
18455616
4297
4298
18481401
4300
4301
18507204
4303
4304
18533025
4306
4307
18558864
4309
4310
18584721
4312
4313
18610596
4315
4316
18636489
4318
4319
18662400
4321
4322
18688329
4324
4325
18714276
4327
4328
18740241
4330
4331
18766224
4333
4334
18792225
4336
4337
18818244
4339
4340
18844281
4342
4343
18870336
4345
4346
18896409
4348
4349
18922500
4351
4352
18948609
4354
4355
18974736
4357
4358
19000881
4360
4361
19027044
4363
4364
19053225
4366
4367
19079424
4369
4370
19105641
4372
4373
19131876
4375
4376
19158129
4378
4379
19184400
4381
4382
19210689
4384
4385
19236996
4387
4388
19263321
4390
4391
19289664
4393
4394
19316025
4396
4397
19342404
4399
4400
19368801
4402
4403
19395216
4405
4406
19421649
4408
4409
19448100
4411
4412
19474569
4414
4415
19501056
4417
4418
19527561
4420
4421
19554084
4423
4424
19580625
4426
4427
19607184
4429
4430
19633761
4432
4433
19660356
4435
4436
19686969
4438
4439
19713600
4441
4442
19740249
4444
4445
19766916
4447
4448
19793601
4450
4451
19820304
4453
4454
19847025
4456
4457
19873764
4459
4460
19900521
4462
4463
19927296
4465
4466
19954089
4468
4469
19980900
4471
4472
20007729
4474
4475
20034576
4477
4478
20061441
4480
4481
20088324
4483
4484
20115225
4486
4487
20142144
4489
4490
20169081
4492
4493
20196036
4495
4496
20223009
4498
4499
20250000
4501
4502
20277009
4504
4505
20304036
4507
4508
20331081
4510
4511
20358144
4513
4514
20385225
4516
4517
20412324
4519
4520
20439441
4522
4523
20466576
4525
4526
20493729
4528
4529
20520900
4531
4532
20548089
4534
4535
20575296
4537
4538
20602521
4540
4541
20629764
4543
4544
20657025
4546
4547
20684304
4549
4550
20711601
4552
4553
20738916
4555
4556
20766249
4558
4559
20793600
4561
4562
20820969
4564
4565
20848356
4567
4568
20875761
4570
4571
20903184
4573
4574
20930625
4576
4577
20958084
4579
4580
20985561
4582
4583
21013056
4585
4586
21040569
4588
4589
21068100
4591
4592
21095649
4594
4595
21123216
4597
4598
21150801
4600
4601
21178404
4603
4604
21206025
4606
4607
21233664
4609
4610
21261321
4612
4613
21288996
4615
4616
21316689
4618
4619
21344400
4621
4622
21372129
4624
4625
21399876
4627
4628
21427641
4630
4631
21455424
4633
4634
21483225
4636
4637
21511044
4639
4640
21538881
4642
4643
21566736
4645
4646
21594609
4648
4649
21622500
4651
4652
21650409
4654
4655
21678336
4657
4658
21706281
4660
4661
21734244
4663
4664
21762225
4666
4667
21790224
4669
4670
21818241
4672
4673
21846276
4675
4676
21874329
4678
4679
21902400
4681
4682
21930489
4684
4685
21958596
4687
4688
21986721
4690
4691
22014864
4693
4694
22043025
4696
4697
22071204
4699
4700
22099401
4702
4703
22127616
4705
4706
22155849
4708
4709
22184100
4711
4712
22212369
4714
4715
22240656
4717
4718
22268961
4720
4721
22297284
4723
4724
22325625
4726
4727
22353984
4729
4730
22382361
4732
4733
22410756
4735
4736
22439169
4738
4739
22467600
4741
4742
22496049
4744
4745
22524516
4747
4748
22553001
4750
4751
22581504
4753
4754
22610025
4756
4757
22638564
4759
4760
22667121
4762
4763
22695696
4765
4766
22724289
4768
4769
22752900
4771
4772
22781529
4774
4775
22810176
4777
4778
22838841
4780
4781
22867524
4783
4784
22896225
4786
4787
22924944
4789
4790
22953681
4792
4793
22982436
4795
4796
23011209
4798
4799
23040000
4801
4802
23068809
4804
4805
23097636
4807
4808
23126481
4810
4811
23155344
4813
4814
23184225
4816
4817
23213124
4819
4820
23242041
4822
4823
23270976
4825
4826
23299929
4828
4829
23328900
4831
4832
23357889
4834
4835
23386896
4837
4838
23415921
4840
4841
23444964
4843
4844
23474025
4846
4847
23503104
4849
4850
23532201
4852
4853
23561316
4855
4856
23590449
4858
4859
23619600
4861
4862
23648769
4864
4865
23677956
4867
4868
23707161
4870
4871
23736384
4873
4874
23765625
4876
4877
23794884
4879
4880
23824161
4882
4883
23853456
4885
4886
23882769
4888
4889
23912100
4891
4892
23941449
4894
4895
23970816
4897
4898
24000201
4900
4901
24029604
4903
4904
24059025
4906
4907
24088464
4909
4910
24117921
4912
4913
24147396
4915
4916
24176889
4918
4919
24206400
4921
4922
24235929
4924
4925
24265476
4927
4928
24295041
4930
4931
24324624
4933
4934
24354225
4936
4937
24383844
4939
4940
24413481
4942
4943
24443136
4945
4946
24472809
4948
4949
24502500
4951
4952
24532209
4954
4955
24561936
4957
4958
24591681
4960
4961
24621444
4963
4964
24651225
4966
4967
24681024
4969
4970
24710841
4972
4973
24740676
4975
4976
24770529
4978
4979
24800400
4981
4982
24830289
4984
4985
24860196
4987
4988
24890121
4990
4991
24920064
4993
4994
24950025
4996
4997
24980004
4999
5000
25010001
5002
5003
25040016
5005
5006
25070049
5008
5009
25100100
5011
5012
25130169
5014
5015
25160256
5017
5018
25190361
5020
5021
25220484
5023
5024
25250625
5026
5027
25280784
5029
5030
25310961
5032
5033
25341156
5035
5036
25371369
5038
5039
25401600
5041
5042
25431849
5044
5045
25462116
5047
5048
25492401
5050
5051
25522704
5053
5054
25553025
5056
5057
25583364
5059
5060
25613721
5062
5063
25644096
5065
5066
25674489
5068
5069
25704900
5071
5072
25735329
5074
5075
25765776
5077
5078
25796241
5080
5081
25826724
5083
5084
25857225
5086
5087
25887744
5089
5090
25918281
5092
5093
25948836
5095
5096
25979409
5098
5099
26010000
5101
5102
26040609
5104
5105
26071236
5107
5108
26101881
5110
5111
26132544
5113
5114
26163225
5116
5117
26193924
5119
5120
26224641
5122
5123
26255376
5125
5126
26286129
5128
5129
26316900
5131
5132
26347689
5134
5135
26378496
5137
5138
26409321
5140
5141
26440164
5143
5144
26471025
5146
5147
26501904
5149
5150
26532801
5152
5153
26563716
5155
5156
26594649
5158
5159
26625600
5161
5162
26656569
5164
5165
26687556
5167
5168
26718561
5170
5171
26749584
5173
5174
26780625
5176
5177
26811684
5179
5180
26842761
5182
5183
26873856
5185
5186
26904969
5188
5189
26936100
5191
5192
26967249
5194
5195
26998416
5197
5198
27029601
5200
5201
27060804
5203
5204
27092025
5206
5207
27123264
5209
5210
27154521
5212
5213
27185796
5215
5216
27217089
5218
5219
27248400
5221
5222
27279729
5224
5225
27311076
5227
5228
27342441
5230
5231
27373824
5233
5234
27405225
5236
5237
27436644
5239
5240
27468081
5242
5243
27499536
5245
5246
27531009
5248
5249
27562500
5251
5252
27594009
5254
5255
27625536
5257
5258
27657081
5260
5261
27688644
5263
5264
27720225
5266
5267
27751824
5269
5270
27783441
5272
5273
27815076
5275
5276
27846729
5278
5279
27878400
5281
5282
27910089
5284
5285
27941796
5287
5288
27973521
5290
5291
28005264
5293
5294
28037025
5296
5297
28068804
5299
5300
28100601
5302
5303
28132416
5305
5306
28164249
5308
5309
28196100
5311
5312
28227969
5314
5315
28259856
5317
5318
28291761
5320
5321
28323684
5323
5324
28355625
5326
5327
28387584
5329
5330
28419561
5332
5333
28451556
5335
5336
28483569
5338
5339
28515600
5341
5342
28547649
5344
5345
28579716
5347
5348
28611801
5350
5351
28643904
5353
5354
28676025
5356
5357
28708164
5359
5360
28740321
5362
5363
28772496
5365
5366
28804689
5368
5369
28836900
5371
5372
28869129
5374
5375
28901376
5377
5378
28933641
5380
5381
28965924
5383
5384
28998225
5386
5387
29030544
5389
5390
29062881
5392
5393
29095236
5395
5396
29127609
5398
5399
29160000
5401
5402
29192409
5404
5405
29224836
5407
5408
29257281
5410
5411
29289744
5413
5414
29322225
5416
5417
29354724
5419
5420
29387241
5422
5423
29419776
5425
5426
29452329
5428
5429
29484900
5431
5432
29517489
5434
5435
29550096
5437
5438
29582721
5440
5441
29615364
5443
5444
29648025
5446
5447
29680704
5449
5450
29713401
5452
5453
29746116
5455
5456
29778849
5458
5459
29811600
5461
5462
29844369
5464
5465
29877156
5467
5468
29909961
5470
5471
29942784
5473
5474
29975625
5476
5477
30008484
5479
5480
30041361
5482
5483
30074256
5485
5486
30107169
5488
5489
30140100
5491
5492
30173049
5494
5495
30206016
5497
5498
30239001
5500
5501
30272004
5503
5504
30305025
5506
5507
30338064
5509
5510
30371121
5512
5513
30404196
5515
5516
30437289
5518
5519
30470400
5521
5522
30503529
5524
5525
30536676
5527
5528
30569841
5530
5531
30603024
5533
5534
30636225
5536
5537
30669444
5539
5540
30702681
5542
5543
30735936
5545
5546
30769209
5548
5549
30802500
5551
5552
30835809
5554
5555
30869136
5557
5558
30902481
5560
5561
30935844
5563
5564
30969225
5566
5567
31002624
5569
5570
31036041
5572
5573
31069476
5575
5576
31102929
5578
5579
31136400
5581
5582
31169889
5584
5585
31203396
5587
5588
31236921
5590
5591
31270464
5593
5594
31304025
5596
5597
31337604
5599
5600
31371201
5602
5603
31404816
5605
5606
31438449
5608
5609
31472100
5611
5612
31505769
5614
5615
31539456
5617
5618
31573161
5620
5621
31606884
5623
5624
31640625
5626
5627
31674384
5629
5630
31708161
5632
5633
31741956
5635
5636
31775769
5638
5639
31809600
5641
5642
31843449
5644
5645
31877316
5647
5648
31911201
5650
5651
31945104
5653
5654
31979025
5656
5657
32012964
5659
5660
32046921
5662
5663
32080896
5665
5666
32114889
5668
5669
32148900
5671
5672
32182929
5674
5675
32216976
5677
5678
32251041
5680
5681
32285124
5683
5684
32319225
5686
5687
32353344
5689
5690
32387481
5692
5693
32421636
5695
5696
32455809
5698
5699
32490000
5701
5702
32524209
5704
5705
32558436
5707
5708
32592681
5710
5711
32626944
5713
5714
32661225
5716
5717
32695524
5719
5720
32729841
5722
5723
32764176
5725
5726
32798529
5728
5729
32832900
5731
5732
32867289
5734
5735
32901696
5737
5738
32936121
5740
5741
32970564
5743
5744
33005025
5746
5747
33039504
5749
5750
33074001
5752
5753
33108516
5755
5756
33143049
5758
5759
33177600
5761
5762
33212169
5764
5765
33246756
5767
5768
33281361
5770
5771
33315984
5773
5774
33350625
5776
5777
33385284
5779
5780
33419961
5782
5783
33454656
5785
5786
33489369
5788
5789
33524100
5791
5792
33558849
5794
5795
33593616
5797
5798
33628401
5800
5801
33663204
5803
5804
33698025
5806
5807
33732864
5809
5810
33767721
5812
5813
33802596
5815
5816
33837489
5818
5819
33872400
5821
5822
33907329
5824
5825
33942276
5827
5828
33977241
5830
5831
34012224
5833
5834
34047225
5836
5837
34082244
5839
5840
34117281
5842
5843
34152336
5845
5846
34187409
5848
5849
34222500
5851
5852
34257609
5854
5855
34292736
5857
5858
34327881
5860
5861
34363044
5863
5864
34398225
5866
5867
34433424
5869
5870
34468641
5872
5873
34503876
5875
5876
34539129
5878
5879
34574400
5881
5882
34609689
5884
5885
34644996
5887
5888
34680321
5890
5891
34715664
5893
5894
34751025
5896
5897
34786404
5899
5900
34821801
5902
5903
34857216
5905
5906
34892649
5908
5909
34928100
5911
5912
34963569
5914
5915
34999056
5917
5918
35034561
5920
5921
35070084
5923
5924
35105625
5926
5927
35141184
5929
5930
35176761
5932
5933
35212356
5935
5936
35247969
5938
5939
35283600
5941
5942
35319249
5944
5945
35354916
5947
5948
35390601
5950
5951
35426304
5953
5954
35462025
5956
5957
35497764
5959
5960
35533521
5962
5963
35569296
5965
5966
35605089
5968
5969
35640900
5971
5972
35676729
5974
5975
35712576
5977
5978
35748441
5980
5981
35784324
5983
5984
35820225
5986
5987
35856144
5989
5990
35892081
5992
5993
35928036
5995
5996
35964009
5998
5999
36000000
6001
6002
36036009
6004
6005
36072036
6007
6008
36108081
6010
6011
36144144
6013
6014
36180225
6016
6017
36216324
6019
6020
36252441
6022
6023
36288576
6025
6026
36324729
6028
6029
36360900
6031
6032
36397089
6034
6035
36433296
6037
6038
36469521
6040
6041
36505764
6043
6044
36542025
6046
6047
36578304
6049
6050
36614601
6052
6053
36650916
6055
6056
36687249
6058
6059
36723600
6061
6062
36759969
6064
6065
36796356
6067
6068
36832761
6070
6071
36869184
6073
6074
36905625
6076
6077
36942084
6079
6080
36978561
6082
6083
37015056
6085
6086
37051569
6088
6089
37088100
6091
6092
37124649
6094
6095
37161216
6097
6098
37197801
6100
6101
37234404
6103
6104
37271025
6106
6107
37307664
6109
6110
37344321
6112
6113
37380996
6115
6116
37417689
6118
6119
37454400
6121
6122
37491129
6124
6125
37527876
6127
6128
37564641
6130
6131
37601424
6133
6134
37638225
6136
6137
37675044
6139
6140
37711881
6142
6143
37748736
6145
6146
37785609
6148
6149
37822500
6151
6152
37859409
6154
6155
37896336
6157
6158
37933281
6160
6161
37970244
6163
6164
38007225
6166
6167
38044224
6169
6170
38081241
6172
6173
38118276
6175
6176
38155329
6178
6179
38192400
6181
6182
38229489
6184
6185
38266596
6187
6188
38303721
6190
6191
38340864
6193
6194
38378025
6196
6197
38415204
6199
6200
38452401
6202
6203
38489616
6205
6206
38526849
6208
6209
38564100
6211
6212
38601369
6214
6215
38638656
6217
6218
38675961
6220
6221
38713284
6223
6224
38750625
6226
6227
38787984
6229
6230
38825361
6232
6233
38862756
6235
6236
38900169
6238
6239
38937600
6241
6242
38975049
6244
6245
39012516
6247
6248
39050001
6250
6251
39087504
6253
6254
39125025
6256
6257
39162564
6259
6260
39200121
6262
6263
39237696
6265
6266
39275289
6268
6269
39312900
6271
6272
39350529
6274
6275
39388176
6277
6278
39425841
6280
6281
39463524
6283
6284
39501225
6286
6287
39538944
6289
6290
39576681
6292
6293
39614436
6295
6296
39652209
6298
6299
39690000
6301
6302
39727809
6304
6305
39765636
6307
6308
39803481
6310
6311
39841344
6313
6314
39879225
6316
6317
39917124
6319
6320
39955041
6322
6323
39992976
6325
6326
40030929
6328
6329
40068900
6331
6332
40106889
6334
6335
40144896
6337
6338
40182921
6340
6341
40220964
6343
6344
40259025
6346
6347
40297104
6349
6350
40335201
6352
6353
40373316
6355
6356
40411449
6358
6359
40449600
6361
6362
40487769
6364
6365
40525956
6367
6368
40564161
6370
6371
40602384
6373
6374
40640625
6376
6377
40678884
6379
6380
40717161
6382
6383
40755456
6385
6386
40793769
6388
6389
40832100
6391
6392
40870449
6394
6395
40908816
6397
6398
40947201
6400
6401
40985604
6403
6404
41024025
6406
6407
41062464
6409
6410
41100921
6412
6413
41139396
6415
6416
41177889
6418
6419
41216400
6421
6422
41254929
6424
6425
41293476
6427
6428
41332041
6430
6431
41370624
6433
6434
41409225
6436
6437
41447844
6439
6440
41486481
6442
6443
41525136
6445
6446
41563809
6448
6449
41602500
6451
6452
41641209
6454
6455
41679936
6457
6458
41718681
6460
6461
41757444
6463
6464
41796225
6466
6467
41835024
6469
6470
41873841
6472
6473
41912676
6475
6476
41951529
6478
6479
41990400
6481
6482
42029289
6484
6485
42068196
6487
6488
42107121
6490
6491
42146064
6493
6494
42185025
6496
6497
42224004
6499
6500
42263001
6502
6503
42302016
6505
6506
42341049
6508
6509
42380100
6511
6512
42419169
6514
6515
42458256
6517
6518
42497361
6520
6521
42536484
6523
6524
42575625
6526
6527
42614784
6529
6530
42653961
6532
6533
42693156
6535
6536
42732369
6538
6539
42771600
6541
6542
42810849
6544
6545
42850116
6547
6548
42889401
6550
6551
42928704
6553
6554
42968025
6556
6557
43007364
6559
6560
43046721
6562
6563
43086096
6565
6566
43125489
6568
6569
43164900
6571
6572
43204329
6574
6575
43243776
6577
6578
43283241
6580
6581
43322724
6583
6584
43362225
6586
6587
43401744
6589
6590
43441281
6592
6593
43480836
6595
6596
43520409
6598
6599
43560000
6601
6602
43599609
6604
6605
43639236
6607
6608
43678881
6610
6611
43718544
6613
6614
43758225
6616
6617
43797924
6619
6620
43837641
6622
6623
43877376
6625
6626
43917129
6628
6629
43956900
6631
6632
43996689
6634
6635
44036496
6637
6638
44076321
6640
6641
44116164
6643
6644
44156025
6646
6647
44195904
6649
6650
44235801
6652
6653
44275716
6655
6656
44315649
6658
6659
44355600
6661
6662
44395569
6664
6665
44435556
6667
6668
44475561
6670
6671
44515584
6673
6674
44555625
6676
6677
44595684
6679
6680
44635761
6682
6683
44675856
6685
6686
44715969
6688
6689
44756100
6691
6692
44796249
6694
6695
44836416
6697
6698
44876601
6700
6701
44916804
6703
6704
44957025
6706
6707
44997264
6709
6710
45037521
6712
6713
45077796
6715
6716
45118089
6718
6719
45158400
6721
6722
45198729
6724
6725
45239076
6727
6728
45279441
6730
6731
45319824
6733
6734
45360225
6736
6737
45400644
6739
6740
45441081
6742
6743
45481536
6745
6746
45522009
6748
6749
45562500
6751
6752
45603009
6754
6755
45643536
6757
6758
45684081
6760
6761
45724644
6763
6764
45765225
6766
6767
45805824
6769
6770
45846441
6772
6773
45887076
6775
6776
45927729
6778
6779
45968400
6781
6782
46009089
6784
6785
46049796
6787
6788
46090521
6790
6791
46131264
6793
6794
46172025
6796
6797
46212804
6799
6800
46253601
6802
6803
46294416
6805
6806
46335249
6808
6809
46376100
6811
6812
46416969
6814
6815
46457856
6817
6818
46498761
6820
6821
46539684
6823
6824
46580625
6826
6827
46621584
6829
6830
46662561
6832
6833
46703556
6835
6836
46744569
6838
6839
46785600
6841
6842
46826649
6844
6845
46867716
6847
6848
46908801
6850
6851
46949904
6853
6854
46991025
6856
6857
47032164
6859
6860
47073321
6862
6863
47114496
6865
6866
47155689
6868
6869
47196900
6871
6872
47238129
6874
6875
47279376
6877
6878
47320641
6880
6881
47361924
6883
6884
47403225
6886
6887
47444544
6889
6890
47485881
6892
6893
47527236
6895
6896
47568609
6898
6899
47610000
6901
6902
47651409
6904
6905
47692836
6907
6908
47734281
6910
6911
47775744
6913
6914
47817225
6916
6917
47858724
6919
6920
47900241
6922
6923
47941776
6925
6926
47983329
6928
6929
48024900
6931
6932
48066489
6934
6935
48108096
6937
6938
48149721
6940
6941
48191364
6943
6944
48233025
6946
6947
48274704
6949
6950
48316401
6952
6953
48358116
6955
6956
48399849
6958
6959
48441600
6961
6962
48483369
6964
6965
48525156
6967
6968
48566961
6970
6971
48608784
6973
6974
48650625
6976
6977
48692484
6979
6980
48734361
6982
6983
48776256
6985
6986
48818169
6988
6989
48860100
6991
6992
48902049
6994
6995
48944016
6997
6998
48986001
7000
7001
49028004
7003
7004
49070025
7006
7007
49112064
7009
7010
49154121
7012
7013
49196196
7015
7016
49238289
7018
7019
49280400
7021
7022
49322529
7024
7025
49364676
7027
7028
49406841
7030
7031
49449024
7033
7034
49491225
7036
7037
49533444
7039
7040
49575681
7042
7043
49617936
7045
7046
49660209
7048
7049
49702500
7051
7052
49744809
7054
7055
49787136
7057
7058
49829481
7060
7061
49871844
7063
7064
49914225
7066
7067
49956624
7069
7070
49999041
7072
7073
50041476
7075
7076
50083929
7078
7079
50126400
7081
7082
50168889
7084
7085
50211396
7087
7088
50253921
7090
7091
50296464
7093
7094
50339025
7096
7097
50381604
7099
7100
50424201
7102
7103
50466816
7105
7106
50509449
7108
7109
50552100
7111
7112
50594769
7114
7115
50637456
7117
7118
50680161
7120
7121
50722884
7123
7124
50765625
7126
7127
50808384
7129
7130
50851161
7132
7133
50893956
7135
7136
50936769
7138
7139
50979600
7141
7142
51022449
7144
7145
51065316
7147
7148
51108201
7150
7151
51151104
7153
7154
51194025
7156
7157
51236964
7159
7160
51279921
7162
7163
51322896
7165
7166
51365889
7168
7169
51408900
7171
7172
51451929
7174
7175
51494976
7177
7178
51538041
7180
7181
51581124
7183
7184
51624225
7186
7187
51667344
7189
7190
51710481
7192
7193
51753636
7195
7196
51796809
7198
7199
51840000
7201
7202
51883209
7204
7205
51926436
7207
7208
51969681
7210
7211
52012944
7213
7214
52056225
7216
7217
52099524
7219
7220
52142841
7222
7223
52186176
7225
7226
52229529
7228
7229
52272900
7231
7232
52316289
7234
7235
52359696
7237
7238
52403121
7240
7241
52446564
7243
7244
52490025
7246
7247
52533504
7249
7250
52577001
7252
7253
52620516
7255
7256
52664049
7258
7259
52707600
7261
7262
52751169
7264
7265
52794756
7267
7268
52838361
7270
7271
52881984
7273
7274
52925625
7276
7277
52969284
7279
7280
53012961
7282
7283
53056656
7285
7286
53100369
7288
7289
53144100
7291
7292
53187849
7294
7295
53231616
7297
7298
53275401
7300
7301
53319204
7303
7304
53363025
7306
7307
53406864
7309
7310
53450721
7312
7313
53494596
7315
7316
53538489
7318
7319
53582400
7321
7322
53626329
7324
7325
53670276
7327
7328
53714241
7330
7331
53758224
7333
7334
53802225
7336
7337
53846244
7339
7340
53890281
7342
7343
53934336
7345
7346
53978409
7348
7349
54022500
7351
7352
54066609
7354
7355
54110736
7357
7358
54154881
7360
7361
54199044
7363
7364
54243225
7366
7367
54287424
7369
7370
54331641
7372
7373
54375876
7375
7376
54420129
7378
7379
54464400
7381
7382
54508689
7384
7385
54552996
7387
7388
54597321
7390
7391
54641664
7393
7394
54686025
7396
7397
54730404
7399
7400
54774801
7402
7403
54819216
7405
7406
54863649
7408
7409
54908100
7411
7412
54952569
7414
7415
54997056
7417
7418
55041561
7420
7421
55086084
7423
7424
55130625
7426
7427
55175184
7429
7430
55219761
7432
7433
55264356
7435
7436
55308969
7438
7439
55353600
7441
7442
55398249
7444
7445
55442916
7447
7448
55487601
7450
7451
55532304
7453
7454
55577025
7456
7457
55621764
7459
7460
55666521
7462
7463
55711296
7465
7466
55756089
7468
7469
55800900
7471
7472
55845729
7474
7475
55890576
7477
7478
55935441
7480
7481
55980324
7483
7484
56025225
7486
7487
56070144
7489
7490
56115081
7492
7493
56160036
7495
7496
56205009
7498
7499
56250000
7501
7502
56295009
7504
7505
56340036
7507
7508
56385081
7510
7511
56430144
7513
7514
56475225
7516
7517
56520324
7519
7520
56565441
7522
7523
56610576
7525
7526
56655729
7528
7529
56700900
7531
7532
56746089
7534
7535
56791296
7537
7538
56836521
7540
7541
56881764
7543
7544
56927025
7546
7547
56972304
7549
7550
57017601
7552
7553
57062916
7555
7556
57108249
7558
7559
57153600
7561
7562
57198969
7564
7565
57244356
7567
7568
57289761
7570
7571
57335184
7573
7574
57380625
7576
7577
57426084
7579
7580
57471561
7582
7583
57517056
7585
7586
57562569
7588
7589
57608100
7591
7592
57653649
7594
7595
57699216
7597
7598
57744801
7600
7601
57790404
7603
7604
57836025
7606
7607
57881664
7609
7610
57927321
7612
7613
57972996
7615
7616
58018689
7618
7619
58064400
7621
7622
58110129
7624
7625
58155876
7627
7628
58201641
7630
7631
58247424
7633
7634
58293225
7636
7637
58339044
7639
7640
58384881
7642
7643
58430736
7645
7646
58476609
7648
7649
58522500
7651
7652
58568409
7654
7655
58614336
7657
7658
58660281
7660
7661
58706244
7663
7664
58752225
7666
7667
58798224
7669
7670
58844241
7672
7673
58890276
7675
7676
58936329
7678
7679
58982400
7681
7682
59028489
7684
7685
59074596
7687
7688
59120721
7690
7691
59166864
7693
7694
59213025
7696
7697
59259204
7699
7700
59305401
7702
7703
59351616
7705
7706
59397849
7708
7709
59444100
7711
7712
59490369
7714
7715
59536656
7717
7718
59582961
7720
7721
59629284
7723
7724
59675625
7726
7727
59721984
7729
7730
59768361
7732
7733
59814756
7735
7736
59861169
7738
7739
59907600
7741
7742
59954049
7744
7745
60000516
7747
7748
60047001
7750
7751
60093504
7753
7754
60140025
7756
7757
60186564
7759
7760
60233121
7762
7763
60279696
7765
7766
60326289
7768
7769
60372900
7771
7772
60419529
7774
7775
60466176
7777
7778
60512841
7780
7781
60559524
7783
7784
60606225
7786
7787
60652944
7789
7790
60699681
7792
7793
60746436
7795
7796
60793209
7798
7799
60840000
7801
7802
60886809
7804
7805
60933636
7807
7808
60980481
7810
7811
61027344
7813
7814
61074225
7816
7817
61121124
7819
7820
61168041
7822
7823
61214976
7825
7826
61261929
7828
7829
61308900
7831
7832
61355889
7834
7835
61402896
7837
7838
61449921
7840
7841
61496964
7843
7844
61544025
7846
7847
61591104
7849
7850
61638201
7852
7853
61685316
7855
7856
61732449
7858
7859
61779600
7861
7862
61826769
7864
7865
61873956
7867
7868
61921161
7870
7871
61968384
7873
7874
62015625
7876
7877
62062884
7879
7880
62110161
7882
7883
62157456
7885
7886
62204769
7888
7889
62252100
7891
7892
62299449
7894
7895
62346816
7897
7898
62394201
7900
7901
62441604
7903
7904
62489025
7906
7907
62536464
7909
7910
62583921
7912
7913
62631396
7915
7916
62678889
7918
7919
62726400
7921
7922
62773929
7924
7925
62821476
7927
7928
62869041
7930
7931
62916624
7933
7934
62964225
7936
7937
63011844
7939
7940
63059481
7942
7943
63107136
7945
7946
63154809
7948
7949
63202500
7951
7952
63250209
7954
7955
63297936
7957
7958
63345681
7960
7961
63393444
7963
7964
63441225
7966
7967
63489024
7969
7970
63536841
7972
7973
63584676
7975
7976
63632529
7978
7979
63680400
7981
7982
63728289
7984
7985
63776196
7987
7988
63824121
7990
7991
63872064
7993
7994
63920025
7996
7997
63968004
7999
8000
64016001
8002
8003
64064016
8005
8006
64112049
8008
8009
64160100
8011
8012
64208169
8014
8015
64256256
8017
8018
64304361
8020
8021
64352484
8023
8024
64400625
8026
8027
64448784
8029
8030
64496961
8032
8033
64545156
8035
8036
64593369
8038
8039
64641600
8041
8042
64689849
8044
8045
64738116
8047
8048
64786401
8050
8051
64834704
8053
8054
64883025
8056
8057
64931364
8059
8060
64979721
8062
8063
65028096
8065
8066
65076489
8068
8069
65124900
8071
8072
65173329
8074
8075
65221776
8077
8078
65270241
8080
8081
65318724
8083
8084
65367225
8086
8087
65415744
8089
8090
65464281
8092
8093
65512836
8095
8096
65561409
8098
8099
65610000
8101
8102
65658609
8104
8105
65707236
8107
8108
65755881
8110
8111
65804544
8113
8114
65853225
8116
8117
65901924
8119
8120
65950641
8122
8123
65999376
8125
8126
66048129
8128
8129
66096900
8131
8132
66145689
8134
8135
66194496
8137
8138
66243321
8140
8141
66292164
8143
8144
66341025
8146
8147
66389904
8149
8150
66438801
8152
8153
66487716
8155
8156
66536649
8158
8159
66585600
8161
8162
66634569
8164
8165
66683556
8167
8168
66732561
8170
8171
66781584
8173
8174
66830625
8176
8177
66879684
8179
8180
66928761
8182
8183
66977856
8185
8186
67026969
8188
8189
67076100
8191
8192
67125249
8194
8195
67174416
8197
8198
67223601
8200
8201
67272804
8203
8204
67322025
8206
8207
67371264
8209
8210
67420521
8212
8213
67469796
8215
8216
67519089
8218
8219
67568400
8221
8222
67617729
8224
8225
67667076
8227
8228
67716441
8230
8231
67765824
8233
8234
67815225
8236
8237
67864644
8239
8240
67914081
8242
8243
67963536
8245
8246
68013009
8248
8249
68062500
8251
8252
68112009
8254
8255
68161536
8257
8258
68211081
8260
8261
68260644
8263
8264
68310225
8266
8267
68359824
8269
8270
68409441
8272
8273
68459076
8275
8276
68508729
8278
8279
68558400
8281
8282
68608089
8284
8285
68657796
8287
8288
68707521
8290
8291
68757264
8293
8294
68807025
8296
8297
68856804
8299
8300
68906601
8302
8303
68956416
8305
8306
69006249
8308
8309
69056100
8311
8312
69105969
8314
8315
69155856
8317
8318
69205761
8320
8321
69255684
8323
8324
69305625
8326
8327
69355584
8329
8330
69405561
8332
8333
69455556
8335
8336
69505569
8338
8339
69555600
8341
8342
69605649
8344
8345
69655716
8347
8348
69705801
8350
8351
69755904
8353
8354
69806025
8356
8357
69856164
8359
8360
69906321
8362
8363
69956496
8365
8366
70006689
8368
8369
70056900
8371
8372
70107129
8374
8375
70157376
8377
8378
70207641
8380
8381
70257924
8383
8384
70308225
8386
8387
70358544
8389
8390
70408881
8392
8393
70459236
8395
8396
70509609
8398
8399
70560000
8401
8402
70610409
8404
8405
70660836
8407
8408
70711281
8410
8411
70761744
8413
8414
70812225
8416
8417
70862724
8419
8420
70913241
8422
8423
70963776
8425
8426
71014329
8428
8429
71064900
8431
8432
71115489
8434
8435
71166096
8437
8438
71216721
8440
8441
71267364
8443
8444
71318025
8446
8447
71368704
8449
8450
71419401
8452
8453
71470116
8455
8456
71520849
8458
8459
71571600
8461
8462
71622369
8464
8465
71673156
8467
8468
71723961
8470
8471
71774784
8473
8474
71825625
8476
8477
71876484
8479
8480
71927361
8482
8483
71978256
8485
8486
72029169
8488
8489
72080100
8491
8492
72131049
8494
8495
72182016
8497
8498
72233001
8500
8501
72284004
8503
8504
72335025
8506
8507
72386064
8509
8510
72437121
8512
8513
72488196
8515
8516
72539289
8518
8519
72590400
8521
8522
72641529
8524
8525
72692676
8527
8528
72743841
8530
8531
72795024
8533
8534
72846225
8536
8537
72897444
8539
8540
72948681
8542
8543
72999936
8545
8546
73051209
8548
8549
73102500
8551
8552
73153809
8554
8555
73205136
8557
8558
73256481
8560
8561
73307844
8563
8564
73359225
8566
8567
73410624
8569
8570
73462041
8572
8573
73513476
8575
8576
73564929
8578
8579
73616400
8581
8582
73667889
8584
8585
73719396
8587
8588
73770921
8590
8591
73822464
8593
8594
73874025
8596
8597
73925604
8599
8600
73977201
8602
8603
74028816
8605
8606
74080449
8608
8609
74132100
8611
8612
74183769
8614
8615
74235456
8617
8618
74287161
8620
8621
74338884
8623
8624
74390625
8626
8627
74442384
8629
8630
74494161
8632
8633
74545956
8635
8636
74597769
8638
8639
74649600
8641
8642
74701449
8644
8645
74753316
8647
8648
74805201
8650
8651
74857104
8653
8654
74909025
8656
8657
74960964
8659
8660
75012921
8662
8663
75064896
8665
8666
75116889
8668
8669
75168900
8671
8672
75220929
8674
8675
75272976
8677
8678
75325041
8680
8681
75377124
8683
8684
75429225
8686
8687
75481344
8689
8690
75533481
8692
8693
75585636
8695
8696
75637809
8698
8699
75690000
8701
8702
75742209
8704
8705
75794436
8707
8708
75846681
8710
8711
75898944
8713
8714
75951225
8716
8717
76003524
8719
8720
76055841
8722
8723
76108176
8725
8726
76160529
8728
8729
76212900
8731
8732
76265289
8734
8735
76317696
8737
8738
76370121
8740
8741
76422564
8743
8744
76475025
8746
8747
76527504
8749
8750
76580001
8752
8753
76632516
8755
8756
76685049
8758
8759
76737600
8761
8762
76790169
8764
8765
76842756
8767
8768
76895361
8770
8771
76947984
8773
8774
77000625
8776
8777
77053284
8779
8780
77105961
8782
8783
77158656
8785
8786
77211369
8788
8789
77264100
8791
8792
77316849
8794
8795
77369616
8797
8798
77422401
8800
8801
77475204
8803
8804
77528025
8806
8807
77580864
8809
8810
77633721
8812
8813
77686596
8815
8816
77739489
8818
8819
77792400
8821
8822
77845329
8824
8825
77898276
8827
8828
77951241
8830
8831
78004224
8833
8834
78057225
8836
8837
78110244
8839
8840
78163281
8842
8843
78216336
8845
8846
78269409
8848
8849
78322500
8851
8852
78375609
8854
8855
78428736
8857
8858
78481881
8860
8861
78535044
8863
8864
78588225
8866
8867
78641424
8869
8870
78694641
8872
8873
78747876
8875
8876
78801129
8878
8879
78854400
8881
8882
78907689
8884
8885
78960996
8887
8888
79014321
8890
8891
79067664
8893
8894
79121025
8896
8897
79174404
8899
8900
79227801
8902
8903
79281216
8905
8906
79334649
8908
8909
79388100
8911
8912
79441569
8914
8915
79495056
8917
8918
79548561
8920
8921
79602084
8923
8924
79655625
8926
8927
79709184
8929
8930
79762761
8932
8933
79816356
8935
8936
79869969
8938
8939
79923600
8941
8942
79977249
8944
8945
80030916
8947
8948
80084601
8950
8951
80138304
8953
8954
80192025
8956
8957
80245764
8959
8960
80299521
8962
8963
80353296
8965
8966
80407089
8968
8969
80460900
8971
8972
80514729
8974
8975
80568576
8977
8978
80622441
8980
8981
80676324
8983
8984
80730225
8986
8987
80784144
8989
8990
80838081
8992
8993
80892036
8995
8996
80946009
8998
8999
81000000
9001
9002
81054009
9004
9005
81108036
9007
9008
81162081
9010
9011
81216144
9013
9014
81270225
9016
9017
81324324
9019
9020
81378441
9022
9023
81432576
9025
9026
81486729
9028
9029
81540900
9031
9032
81595089
9034
9035
81649296
9037
9038
81703521
9040
9041
81757764
9043
9044
81812025
9046
9047
81866304
9049
9050
81920601
9052
9053
81974916
9055
9056
82029249
9058
9059
82083600
9061
9062
82137969
9064
9065
82192356
9067
9068
82246761
9070
9071
82301184
9073
9074
82355625
9076
9077
82410084
9079
9080
82464561
9082
9083
82519056
9085
9086
82573569
9088
9089
82628100
9091
9092
82682649
9094
9095
82737216
9097
9098
82791801
9100
9101
82846404
9103
9104
82901025
9106
9107
82955664
9109
9110
83010321
9112
9113
83064996
9115
9116
83119689
9118
9119
83174400
9121
9122
83229129
9124
9125
83283876
9127
9128
83338641
9130
9131
83393424
9133
9134
83448225
9136
9137
83503044
9139
9140
83557881
9142
9143
83612736
9145
9146
83667609
9148
9149
83722500
9151
9152
83777409
9154
9155
83832336
9157
9158
83887281
9160
9161
83942244
9163
9164
83997225
9166
9167
84052224
9169
9170
84107241
9172
9173
84162276
9175
9176
84217329
9178
9179
84272400
9181
9182
84327489
9184
9185
84382596
9187
9188
84437721
9190
9191
84492864
9193
9194
84548025
9196
9197
84603204
9199
9200
84658401
9202
9203
84713616
9205
9206
84768849
9208
9209
84824100
9211
9212
84879369
9214
9215
84934656
9217
9218
84989961
9220
9221
85045284
9223
9224
85100625
9226
9227
85155984
9229
9230
85211361
9232
9233
85266756
9235
9236
85322169
9238
9239
85377600
9241
9242
85433049
9244
9245
85488516
9247
9248
85544001
9250
9251
85599504
9253
9254
85655025
9256
9257
85710564
9259
9260
85766121
9262
9263
85821696
9265
9266
85877289
9268
9269
85932900
9271
9272
85988529
9274
9275
86044176
9277
9278
86099841
9280
9281
86155524
9283
9284
86211225
9286
9287
86266944
9289
9290
86322681
9292
9293
86378436
9295
9296
86434209
9298
9299
86490000
9301
9302
86545809
9304
9305
86601636
9307
9308
86657481
9310
9311
86713344
9313
9314
86769225
9316
9317
86825124
9319
9320
86881041
9322
9323
86936976
9325
9326
86992929
9328
9329
87048900
9331
9332
87104889
9334
9335
87160896
9337
9338
87216921
9340
9341
87272964
9343
9344
87329025
9346
9347
87385104
9349
9350
87441201
9352
9353
87497316
9355
9356
87553449
9358
9359
87609600
9361
9362
87665769
9364
9365
87721956
9367
9368
87778161
9370
9371
87834384
9373
9374
87890625
9376
9377
87946884
9379
9380
88003161
9382
9383
88059456
9385
9386
88115769
9388
9389
88172100
9391
9392
88228449
9394
9395
88284816
9397
9398
88341201
9400
9401
88397604
9403
9404
88454025
9406
9407
88510464
9409
9410
88566921
9412
9413
88623396
9415
9416
88679889
9418
9419
88736400
9421
9422
88792929
9424
9425
88849476
9427
9428
88906041
9430
9431
88962624
9433
9434
89019225
9436
9437
89075844
9439
9440
89132481
9442
9443
89189136
9445
9446
89245809
9448
9449
89302500
9451
9452
89359209
9454
9455
89415936
9457
9458
89472681
9460
9461
89529444
9463
9464
89586225
9466
9467
89643024
9469
9470
89699841
9472
9473
89756676
9475
9476
89813529
9478
9479
89870400
9481
9482
89927289
9484
9485
89984196
9487
9488
90041121
9490
9491
90098064
9493
9494
90155025
9496
9497
90212004
9499
9500
90269001
9502
9503
90326016
9505
9506
90383049
9508
9509
90440100
9511
9512
90497169
9514
9515
90554256
9517
9518
90611361
9520
9521
90668484
9523
9524
90725625
9526
9527
90782784
9529
9530
90839961
9532
9533
90897156
9535
9536
90954369
9538
9539
91011600
9541
9542
91068849
9544
9545
91126116
9547
9548
91183401
9550
9551
91240704
9553
9554
91298025
9556
9557
91355364
9559
9560
91412721
9562
9563
91470096
9565
9566
91527489
9568
9569
91584900
9571
9572
91642329
9574
9575
91699776
9577
9578
91757241
9580
9581
91814724
9583
9584
91872225
9586
9587
91929744
9589
9590
91987281
9592
9593
92044836
9595
9596
92102409
9598
9599
92160000
9601
9602
92217609
9604
9605
92275236
9607
9608
92332881
9610
9611
92390544
9613
9614
92448225
9616
9617
92505924
9619
9620
92563641
9622
9623
92621376
9625
9626
92679129
9628
9629
92736900
9631
9632
92794689
9634
9635
92852496
9637
9638
92910321
9640
9641
92968164
9643
9644
93026025
9646
9647
93083904
9649
9650
93141801
9652
9653
93199716
9655
9656
93257649
9658
9659
93315600
9661
9662
93373569
9664
9665
93431556
9667
9668
93489561
9670
9671
93547584
9673
9674
93605625
9676
9677
93663684
9679
9680
93721761
9682
9683
93779856
9685
9686
93837969
9688
9689
93896100
9691
9692
93954249
9694
9695
94012416
9697
9698
94070601
9700
9701
94128804
9703
9704
94187025
9706
9707
94245264
9709
9710
94303521
9712
9713
94361796
9715
9716
94420089
9718
9719
94478400
9721
9722
94536729
9724
9725
94595076
9727
9728
94653441
9730
9731
94711824
9733
9734
94770225
9736
9737
94828644
9739
9740
94887081
9742
9743
94945536
9745
9746
95004009
9748
9749
95062500
9751
9752
95121009
9754
9755
95179536
9757
9758
95238081
9760
9761
95296644
9763
9764
95355225
9766
9767
95413824
9769
9770
95472441
9772
9773
95531076
9775
9776
95589729
9778
9779
95648400
9781
9782
95707089
9784
9785
95765796
9787
9788
95824521
9790
9791
95883264
9793
9794
95942025
9796
9797
96000804
9799
9800
96059601
9802
9803
96118416
9805
9806
96177249
9808
9809
96236100
9811
9812
96294969
9814
9815
96353856
9817
9818
96412761
9820
9821
96471684
9823
9824
96530625
9826
9827
96589584
9829
9830
96648561
9832
9833
96707556
9835
9836
96766569
9838
9839
96825600
9841
9842
96884649
9844
9845
96943716
9847
9848
97002801
9850
9851
97061904
9853
9854
97121025
9856
9857
97180164
9859
9860
97239321
9862
9863
97298496
9865
9866
97357689
9868
9869
97416900
9871
9872
97476129
9874
9875
97535376
9877
9878
97594641
9880
9881
97653924
9883
9884
97713225
9886
9887
97772544
9889
9890
97831881
9892
9893
97891236
9895
9896
97950609
9898
9899
98010000
9901
9902
98069409
9904
9905
98128836
9907
9908
98188281
9910
9911
98247744
9913
9914
98307225
9916
9917
98366724
9919
9920
98426241
9922
9923
98485776
9925
9926
98545329
9928
9929
98604900
9931
9932
98664489
9934
9935
98724096
9937
9938
98783721
9940
9941
98843364
9943
9944
98903025
9946
9947
98962704
9949
9950
99022401
9952
9953
99082116
9955
9956
99141849
9958
9959
99201600
9961
9962
99261369
9964
9965
99321156
9967
9968
99380961
9970
9971
99440784
9973
9974
99500625
9976
9977
99560484
9979
9980
99620361
9982
9983
99680256
9985
9986
99740169
9988
9989
99800100
9991
9992
99860049
9994
9995
99920016
9997
9998
99980001
